$ 1 0.000005 10.20027730826997 50 5 43 5e-11
165 144 144 256 144 6 0
R 208 112 208 64 0 0 40 9 0 0 0.5
g 240 304 240 352 0 0
w 144 240 112 240 0
w 112 240 112 272 0
w 112 272 144 272 0
w 208 112 368 112 0
w 272 176 368 176 0
w 368 112 368 176 0
S 112 272 0 272 0 0 false 0 2
R 0 288 -64 288 0 0 40 6 0 0 0.5
R 0 256 -64 256 0 0 40 2 0 0 0.5
w 272 208 368 208 0
w 368 112 512 112 0
w 512 112 512 304 0
c 96 176 -16 176 0 0.00001 0.08910891089108947 0.001
w 96 112 208 112 0
r 96 176 96 112 0 1000
w 96 176 144 176 0
g -16 176 -80 176 0 0
o 12 64 0 4099 0.0000762939453125 0.00009765625 0 2 12 3
o 15 64 0 4099 0.625 0.00009765625 1 2 15 3
