$ 1 0.000005 10.20027730826997 50 5 43 5e-11
165 144 144 256 144 6 0
R 208 112 208 64 0 0 40 12 0 0 0.5
g 240 336 240 384 0 0
w 144 240 96 240 0
w 96 240 96 272 0
w 96 272 144 272 0
w 208 112 368 112 0
w 272 176 368 176 0
w 368 112 368 176 0
w 272 208 368 208 0
w 368 112 512 112 0
w 512 112 512 304 0
w 96 112 208 112 0
r 96 176 96 112 0 1000
w 96 176 144 176 0
w 96 272 48 272 0
c 48 272 -32 272 0 0.000009999999999999999 4.689476749673157 0.001
w 240 304 240 336 0
g -32 272 -80 272 0 0
r 96 176 96 240 0 1000
o 9 64 0 4099 20 0.00009765625 0 2 9 3
o 16 64 0 4099 10 0.0125 1 2 16 3
